LR:  (0.8987, 0.01043264108459599)   (0.902, 0.008438009243891603)
SGD: (0.8718, 0.038775765627515335)  (0.8968, 0.021469979040511445)
DT:  (0.743, 0.016881943016134146)   (0.7284, 0.02342306555513178)
RF:  (0.7782, 0.011469960767151744)  (0.7724, 0.021666564102321366)
GNB: (0.672, 0.018846750383023584)   (0.6762, 0.016720047846821465)
KNN: (0.7916, 0.01624315240339756)   (0.782, 0.018482424083436668)
LSVC: (0.9078, 0.010897706180660232) (0.9108, 0.010998181667894026)
